20021
20454
20538
22251
23721
25097
25799
27838
29411
29423
18156
18447
21031
22173
23544
23598
23599
23613
24085
24138
24779
24837
24894
24913
25098
25120
25580
25746
26081
26082
26652
26653
26654
27403
27512
27869
28081
28199
28303
28307
28419
28539
28607
28686
28689
28799
28909
28913
28916
28962
29032
29134
29302
29427
29478
29571
29664
29665
29810
17609
17753
17879
18282
18583
18622
19068
19239
19376
19878
20254
20311
20719
20987
20989
21361
21823
21985
22222
22324
22520
22753
22865
23125
23207
23738
23740
23931
24316
24560
24651
24703
24704
24732
24845
24912
25016
25430
25614
25948
25951
26135
26197
26713
26721
26895
26896
26924
26976
27404
27514
28014
28227
28461
28462
28463
28536
28598
28600
28602
28609
28910
29237
29452
29521
29668
29704
29854
17430
17457
17803
17945
18067
18623
19454
19908
20237
20714
20749
21298
21983
22325
22328
22521
22536
22687
22754
22797
22864
23154
23464
23827
23855
24083
24084
24141
24529
24653
24777
24839
24841
24842
24850
24893
25017
25040
25229
25230
25578
25612
25976
26064
26294
26754
26755
26829
26925
27024
27078
27321
27323
27363
27586
27614
27617
27752
27777
27782
27894
28016
28124
28125
28153
28416
28417
28595
28605
28911
29035
29241
29343
29344
29422
29519
29524
29568
29666
17501
18263
19960
20422
21429
21740
22172
22533
22585
22862
22970
24236
24530
24954
25771
25952
26188
26403
26597
26676
26714
26774
26898
26942
26943
26944
26972
27022
27023
27129
27317
27402
27511
28420
28538
28541
28798
28901
29240
29662
29701
17116
17447
17534
17610
17711
19745
19781
21077
21466
22081
22368
22955
23318
24082
24181
25913
25914
26255
26753
26831
27049
27541
28330
28335
29038
17384
18088
18307
19621
20005
21733
21910
22050
22174
22250
22613
23076
23206
23281
23282
23517
23720
24731
25205
26171
29036
17109
17117
18136
18376
19979
21146
22249
22795
27048
28338
11679
2531
25920
5450
7391
12390
14039
17010
2426
24553
3031
6317
11564
18020
18438
20210
20811
21483
2166
2364
24059
2419
2504
25739
26100
3007
3154
3367
5455
5763
6208
6412
6567
6721
6929
8423
8617
10225
11463
13841
13878
14486
15205
15261
16090
17198
17643
18659
18944
19040
19978
21567
21850
22028
2272
22918
2329
23652
24889
2495
25412
25738
2676
2684
26930
2768
3065
3092
3231
3440
5663
5784
6086
6748
6894
7156
7260
8161
8217
8714
8891
9181
9372
10290
10611
11343
12249
13600
13800
14220
15745
16209
17388
17864
18207
18296
18433
18767
19602
21411
21591
2201
2257
22946
2323
23430
23473
2351
2446
24673
24979
25018
25131
2520
25922
2619
26699
27066
2830
3218
3232
3292
5456
6034
6386
6496
6581
6719
6966
7106
7266
7378
7477
8435
8507
8638
9103
9780
10988
11043
12460
12883
13653
13729
14008
14577
14940
15518
19062
19182
19735
20115
20478
2247
22531
2390
24022
24308
24310
24675
25574
26425
2675
2692
27170
2959
3016
3040
3195
3212
3236
3341
3347
3538
6481
6569
6660
6675
7114
7311
7591
7896
8702
9292
9870
10121
10458
10957
12104
12821
15207
15621
16602
17302
18268
18304
19700
20439
20674
2130
21421
2144
2199
22189
2288
23242
2352
23560
23804
23805
24204
2482
24978
25130
25923
25992
26427
26547
26875
3064
3276
5607
5637
5683
5694
6068
6106
6289
6538
6579
6662
6879
7187
7380
7637
8884
8978
9007
9383
9671
10184
10873
12225
14421
15010
15590
15735
17700
18096
18607
22142
22233
2265
2467
25314
2680
27261
2771
2955
3210
5783
6473
6504
7306
8162
8262
14809
15295
15783
21671
22372
24433
26095
2988
3146
5831
6354
6979
8935
9518
10203
12733
13579
15811
3013
3134
3283
5754
6072
8645
6511
4073
2577
4042
5268
6271
6841
4755
5182
5037
5841
6141
6273
7107
2090
4135
2033
3237
4263
10859
1916
1990
2909
4260
4468
5339
5842
6356
6842
7232
7442
9306
9492
2086
2059
2791
4036
5890
8985
2949
3102
3161
2026
2308
10091
11233
12427
3587
5720
5946
6278
7933
7935
2181
3330
3696
2338
2496
2582
2694
3591
4586
4771
5074
8724
9396
2289
2456
2517
3079
2046
2410
3952
4430
12729
12928
1865
1929
1967
1974
1981
1994
3895
4457
4896
5879
5889
8341
8627
8628
9165
9713
2303
3358
4342
2568
2795
2437
3970
4396
2229
2623
4824
5028
5193
5554
6154
6906
6951
8419
3618
4453
4460
2455
2880
3281
3711
4163
2605
2845
3707
4434
2394
2489
3701
10432
11380
11383
11808
12346
12548
13022
1891
1910
1925
1985
2080
2682
3629
3786
4084
4286
4948
5072
5073
5240
5324
5750
5943
6030
6058
6102
6358
7194
8263
9035
9099
2608
2919
3176
4149
2233
2788
3293
3813
3908
4554
2405
2894
2266
2562
4375
4769
5426
5528
5843
6114
6230
6907
7344
7518
7598
2173
2905
3521
2183
3695
4074
4125
2172
2296
3089
3346
4299
10228
10433
10534
11067
11134
11135
11474
11641
11674
12056
12221
12264
12487
12491
12728
12791
12995
2091
2268
2370
2977
3844
3879
4194
4710
5156
5191
5513
5715
5717
5801
5944
5974
6103
6130
6172
6556
7064
7125
7173
7414
7590
7960
8408
9036
9037
9247
9441
9442
9778
9900
2255
3361
3110
2110
4043
4398
2043
2653
3627
4588
2408
2570
4956
5050
5254
5344
5409
5438
5635
6097
6140
6159
6290
7029
7279
7280
7564
7675
7680
8031
9204
9386
9388
2656
2737
4109
2220
2258
2872
3216
3630
4358
4451
2498
3363
3702
3742
4435
10115
10116
10732
11024
12347
3207
3352
3917
4633
4846
5186
5236
6033
6197
6228
6512
6709
7047
7193
7345
7584
7585
7857
7881
8630
9081
9280
9283
9542
2702
3635
4431
4518
2407
3317
3613
3768
4083
4511
3610
3646
3886
2151
4097
2263
2888
3393
4542
5550
5598
5817
6514
7096
7142
7522
7558
7624
8987
9190
2474
4262
2205
2966
3598
2772
2859
3671
4168
4335
10090
11025
11772
1976
5257
6113
6157
6949
7589
7676
8030
8114
9249
4159
3664
2757
10229
16844
17377
17925
19607
23601
27231
3422
4007
4741
4835
5166
6041
7671
7944
9162
12128
14311
14467
14653
17026
19811
20614
20732
21174
23134
24640
25294
25495
25636
27561
27757
28070
29698
3484
3554
3576
3899
4498
4611
4833
5834
6144
6145
6313
6852
6940
7030
7197
7262
7362
9295
9408
9738
10295
10590
10623
11215
11351
11595
11838
12352
13551
14457
14956
15031
15712
15816
17115
17458
18120
20024
20238
20504
20746
21008
21204
21296
21523
21544
22668
22836
23380
23596
24164
24551
24861
25291
25553
26412
26660
26776
26839
27415
27419
28139
28259
28749
28850
28970
29307
3495
3551
3569
3934
4035
4477
4487
4862
4983
5167
5222
5897
5930
6603
6744
6781
6853
7040
7310
9031
9502
9556
9914
10014
10898
10945
11048
11152
11308
11594
12012
12156
12158
12602
12691
12770
14013
14557
15063
15240
15901
16136
16262
16636
16706
17551
17582
17738
17800
17889
18394
18614
19548
19954
20328
21255
21310
22092
22111
22118
22393
22633
22860
23602
24402
24734
25290
25295
25296
25568
26088
26640
27039
27374
27418
27472
27585
27598
27809
27862
27941
28047
28428
28769
28782
28783
28789
29279
29399
29699
29775
3496
3575
3637
4386
4461
4556
4920
4981
5184
5329
5540
5587
5761
5850
5901
5908
5911
6005
6146
6292
6409
6642
6754
6821
6913
7152
7183
7303
7426
7794
7987
8784
9093
9132
9587
9650
10013
10015
10058
10996
11725
11806
11926
12411
13389
13486
13536
13561
14051
14579
14619
14859
15612
15779
16454
16846
16887
16938
17647
17976
19711
19833
19852
19948
20056
20101
20196
20202
20586
21610
22385
23641
23649
23813
23853
24453
25289
25375
25969
25970
26613
26642
26781
27171
27536
27853
27860
27882
28281
28748
28756
28759
29026
29614
3392
3405
3412
3488
3540
3552
4009
4112
4114
4323
4483
4802
4840
4863
4919
4972
5368
5827
6073
6185
6199
6264
6270
6349
6377
6435
6474
6780
7007
7184
7220
7416
7499
7508
7903
7906
8145
8220
9072
9160
9230
10057
10100
10421
10515
10566
10690
11328
11680
11764
12118
12139
13351
14050
14471
14505
14506
14511
15036
15113
15358
15532
16606
16650
18265
20241
21206
21254
21729
22008
22231
22558
22659
22750
22800
23420
23832
24144
24306
24537
24562
24708
24720
25749
25757
26166
26542
26914
27072
27122
27361
27476
27491
27748
27859
27908
27914
27980
28071
28212
28261
28274
28766
28861
28999
29460
29546
29630
29821
3381
3406
3450
3506
3519
3536
4422
4826
4961
4964
5068
5320
5400
5439
5765
5861
5872
5885
5968
6182
6187
6258
6296
6439
6475
6530
6612
6663
6723
6752
6839
6862
6884
6901
6904
6994
7092
7292
7757
8107
8245
8418
8463
8532
8745
8932
9046
9297
9365
9536
9871
10012
10296
10343
10744
13634
14400
16131
16196
16569
16660
17005
17690
18172
18613
19795
20561
20884
21410
21518
22046
22302
23507
23820
24279
25298
26217
26916
27359
27808
27827
28777
28787
28881
29129
29153
29615
29700
29751
3425
3479
3562
3566
3571
3574
3843
4220
4486
4688
4763
4982
5100
5283
5906
6399
6542
6568
6644
7536
8704
9389
9555
10154
11670
11917
15170
17027
18676
22779
26244
4357
4418
4836
5303
6009
6166
6345
6457
6537
6618
7332
9085
