29420
17219
18406
18648
20021
20454
20473
20538
21002
21739
21899
21908
22251
23721
24276
25097
25119
25673
25799
26295
26341
26402
26462
27176
27366
27820
27838
27962
28340
28418
29411
29423
29480
29517
17185
17243
17255
17713
17761
18156
18227
18447
18987
19043
19313
19439
20094
20198
20218
20332
20366
20513
20634
20671
21031
21702
22009
22052
22173
22373
22641
22688
23046
23077
23227
23319
23355
23465
23518
23544
23598
23599
23613
23688
23739
23818
24085
24135
24136
24138
24237
24315
24447
24779
24837
24840
24891
24894
24913
24953
25098
25120
25202
25323
25326
25458
25580
25581
25746
25747
26025
26081
26082
26132
26257
26258
26568
26569
26594
26652
26653
26654
26674
27016
27017
27019
27086
27232
27364
27403
27512
27868
27869
27891
27892
28018
28080
28081
28199
28303
28306
28307
28309
28328
28332
28394
28415
28419
28539
28597
28607
28685
28686
28689
28799
28909
28913
28916
28958
28960
28961
28962
29032
29040
29134
29137
29139
29302
29418
29427
29478
29479
29518
29571
29664
29665
29702
29703
29810
29852
29853
17280
17300
17532
17609
17753
17879
17971
18161
18282
18566
18569
18583
18622
18755
18835
19042
19068
19084
19163
19239
19269
19338
19376
19805
19869
19878
20254
20311
20655
20719
20987
20989
21168
21216
21318
21361
21495
21778
21823
21898
21966
21967
21968
21985
22006
22222
22238
22324
22520
22753
22796
22865
22909
23045
23058
23125
23207
23283
23600
23612
23687
23738
23740
23911
23931
24297
24298
24299
24316
24391
24407
24448
24560
24596
24600
24651
24652
24703
24704
24732
24845
24846
24847
24911
24912
24955
25015
25016
25117
25203
25247
25316
25325
25429
25430
25459
25462
25614
25669
25672
25769
25800
25910
25948
25951
26135
26197
26296
26570
26595
26596
26651
26713
26721
26852
26895
26896
26924
26976
27021
27175
27252
27318
27320
27322
27401
27404
27484
27485
27514
27542
27616
27747
27819
27870
27959
27960
28013
28014
28157
28227
28302
28304
28308
28341
28422
28423
28424
28459
28461
28462
28463
28536
28542
28544
28598
28599
28600
28602
28604
28609
28902
28910
28914
28957
28963
29030
29031
29037
29039
29136
29158
29236
29237
29304
29345
29406
29426
29451
29452
29521
29522
29595
29668
29704
29754
29813
29854
17110
17111
17119
17147
17303
17391
17430
17457
17518
17578
17662
17663
17758
17803
17934
17945
18016
18067
18087
18368
18413
18623
18688
18815
18882
18922
18958
19222
19454
19538
19870
19908
19920
19941
19994
20046
20127
20170
20237
20373
20436
20714
20736
20749
20857
20927
21298
21399
21701
21731
21965
21983
21993
22019
22071
22082
22171
22239
22325
22327
22328
22463
22521
22536
22584
22687
22751
22754
22797
22828
22864
22907
22908
23126
23127
23154
23263
23264
23463
23464
23493
23516
23532
23827
23855
23857
23912
23932
23933
23935
23982
23984
23985
24083
24084
24141
24275
24390
24449
24529
24561
24653
24701
24702
24733
24777
24839
24841
24842
24848
24850
24851
24890
24892
24893
24914
24915
25017
25040
25053
25118
25121
25201
25229
25230
25246
25578
25583
25612
25613
25615
25670
25671
25682
25908
25950
25976
25977
26004
26063
26064
26080
26134
26294
26342
26460
26675
26712
26754
26755
26773
26829
26830
26897
26925
26945
26973
26975
27024
27078
27131
27174
27250
27251
27321
27323
27363
27487
27543
27586
27587
27588
27614
27617
27752
27753
27777
27781
27782
27818
27839
27840
27866
27872
27893
27894
27943
28016
28082
28123
28124
28125
28152
28153
28156
28201
28208
28305
28329
28331
28334
28395
28416
28417
28456
28537
28543
28595
28605
28606
28688
28690
28800
28911
28912
28917
28955
28959
29028
29034
29035
29133
29160
29162
29193
29195
29196
29238
29239
29241
29343
29344
29405
29409
29412
29422
29428
29453
29519
29523
29524
29568
29569
29593
29594
29597
29663
29666
29753
29755
29779
29855
17139
17146
17150
17192
17398
17399
17460
17501
17811
17896
17898
17902
17912
17933
17963
17992
18032
18141
18263
18473
18485
18930
19022
19030
19069
19180
19193
19321
19960
20093
20120
20274
20422
20428
20474
20560
20584
20597
21066
21165
21429
21732
21740
21777
21909
22072
22172
22468
22533
22535
22585
22586
22643
22862
22970
23153
23205
23494
23583
23614
23854
23856
24081
24236
24389
24406
24530
24650
24776
24849
24954
25204
25227
25228
25460
25576
25577
25771
25801
25909
25952
25978
26006
26062
26133
26173
26175
26188
26213
26215
26403
26463
26571
26597
26676
26714
26720
26774
26828
26832
26850
26898
26923
26942
26943
26944
26971
26972
26974
27018
27022
27023
27047
27084
27085
27128
27129
27234
27317
27319
27402
27511
27513
27515
27751
27754
27776
27949
27961
28012
28043
28044
28083
28122
28202
28301
28337
28420
28454
28538
28540
28541
28596
28684
28797
28798
28901
28915
28956
29029
29033
29135
29138
29157
29159
29161
29191
29192
29240
29301
29346
29347
29408
29410
29429
29449
29450
29456
29570
29662
29667
29701
29758
29777
29814
16748
17108
17116
17254
17431
17447
17534
17610
17655
17695
17711
17874
18181
18272
18375
18498
19251
19357
19745
19751
19781
20080
20273
20348
20609
20763
20985
21077
21116
21133
21248
21466
22018
22020
22081
22368
22371
22642
22685
22686
22852
22863
22955
22971
23006
23043
23044
23262
23318
23409
23531
23667
23668
23686
23828
23830
23983
24082
24140
24181
24274
24597
24598
24778
24838
25052
25233
25431
25437
25461
25616
25748
25911
25912
25913
25914
25949
26005
26172
26214
26255
26598
26753
26831
26851
27049
27079
27130
27233
27316
27541
27778
27779
27867
27871
28017
28045
28204
28226
28327
28330
28333
28335
28339
28342
28396
28421
28535
28545
28601
28687
28801
29038
29194
29303
29305
29306
29407
29419
29424
29455
29481
29482
29598
29756
29757
29780
17118
17145
17239
17341
17384
17757
17886
18004
18068
18080
18088
18273
18274
18283
18307
18396
18501
19061
19121
19530
19621
19673
19744
19752
19836
20005
20107
20272
20486
20619
20684
20864
20994
21199
21378
21733
21741
21910
22050
22051
22174
22250
22462
22522
22534
22613
22752
22957
23001
23075
23076
23206
23228
23229
23281
23282
23356
23517
23720
23934
24182
24559
24731
25099
25205
25428
25579
25582
25611
25947
26026
26171
26400
26401
26461
27365
27946
28019
28228
28603
29036
29425
29454
29520
29596
29669
29778
29811
29812
17109
17117
17144
18136
18376
18414
18480
18733
19418
19837
19880
19979
20185
21146
22249
22631
22795
22956
24528
25770
26256
27048
27486
28338
28608
11961
13915
2790
3285
10264
11679
16619
18008
2531
25920
2950
5450
5820
7391
8622
12390
13548
14039
17010
17434
2107
21249
2193
2426
24553
2518
26544
26790
2750
3031
3455
3493
5931
6317
6685
6823
7541
7743
8184
8668
8901
9060
10083
11564
14453
14516
15765
15818
16503
16884
18020
18438
18538
19320
20210
20302
20811
2103
21483
2166
2194
2196
2261
2291
23156
23381
2339
2364
24059
24190
2419
2483
24977
2504
25739
2585
26100
2631
26698
2677
26786
26794
2760
2803
3007
3081
3087
3154
3206
3306
3349
3367
3509
5444
5455
5740
5763
5852
5988
6096
6208
6217
6412
6545
6567
6721
6929
7066
7359
7502
7715
7791
8423
8590
8617
10225
10800
10871
11207
11222
11463
12050
12360
12650
12859
13841
13878
14097
14486
14669
14953
15205
15261
15394
15753
16090
16115
16977
17198
17643
17774
18146
18499
18659
18944
19040
19475
19978
20033
20184
20635
21238
21329
21567
21850
22028
2217
22729
2272
22918
2304
23261
2329
2336
23582
23652
2375
2395
24020
24023
24309
2453
24674
24889
2495
25020
25021
25257
25412
25413
25448
2559
25738
26229
26546
2676
2684
26930
2738
2768
2951
3027
3065
3070
3092
3193
3231
3247
3339
3377
3440
3515
3595
5497
5542
5663
5749
5784
5881
5921
5972
6035
6086
6201
6257
6337
6748
6764
6830
6894
6925
7041
7076
7156
7218
7260
7300
7342
8161
8217
8239
8412
8714
8801
8891
9049
9181
9372
9561
10201
10290
10611
10913
11065
11343
11632
11813
11912
12135
12249
12265
12564
12689
12763
13131
13145
13470
13600
13672
13800
13974
14081
14220
14283
14339
14596
14852
14928
14959
15088
15107
15234
15378
15564
15745
16025
16074
16209
16640
16674
16749
17284
17388
17539
17785
17864
17892
18207
18296
18433
18767
19126
19242
19602
19815
20215
20252
20341
20622
2066
20995
21411
2142
21591
21713
2198
2201
22069
22083
2216
22223
2235
2257
22615
22652
22946
23026
2310
2323
23430
23473
2351
23700
2387
24021
24061
2415
2446
24673
2494
24979
24981
25018
25131
25150
2520
2555
25575
25755
25922
2604
2619
26230
26607
26699
26723
27066
2706
27276
2830
2883
2947
3054
3074
3188
3218
3232
3256
3287
3292
3463
3518
3597
3604
5454
5456
5496
5691
5703
5810
5833
5848
5961
6034
6195
6252
6386
6488
6496
6499
6516
6581
6646
6719
6767
6877
6932
6935
6966
7106
7178
7190
7266
7378
7403
7476
7477
7594
7655
7779
8311
8435
8480
8507
8638
9103
9368
9762
9780
9943
10436
10485
10988
11043
11395
11786
12029
12154
12228
12460
12553
12883
12984
13195
13339
13653
13688
13729
14008
14287
14358
14577
14940
15040
15110
15117
15323
15518
15528
15551
15609
15698
15700
15808
16126
16273
16736
16918
17498
17565
17836
17991
18228
18584
18923
19062
19182
19294
19458
19735
19802
19936
20115
20478
20786
20805
21147
21287
2162
21922
2197
2204
22056
2222
2225
22281
22306
2247
22531
23003
23083
23199
2325
2330
23366
23396
2371
2390
24022
24187
24188
24189
24308
24310
24533
2465
24675
24685
2480
2491
25019
2511
2524
25449
25490
25571
25573
25574
2560
2575
25921
2638
26425
26545
26722
2675
26873
2692
27067
27068
27169
27170
27262
2726
2778
2959
3016
3040
3125
3143
3195
3212
3236
3301
3341
3347
3362
3538
5449
5539
5555
5664
5948
5954
5997
6007
6085
6193
6227
6253
6330
6342
6481
6524
6569
6660
6667
6675
6921
7003
7114
7116
7171
7217
7238
7277
7311
7408
7533
7591
7604
7689
7726
7896
8109
8395
8543
8611
8702
8779
8811
9156
9208
9292
9453
9614
9637
9870
10121
10145
10458
10535
10841
10957
10990
11334
11721
11985
12104
12821
12936
12979
13322
13786
13904
14176
14241
14559
14626
14935
15207
15316
15621
15916
15982
16554
16602
16722
17258
17302
17349
17516
18268
18304
18858
18866
19011
19137
19339
19700
19921
20439
20582
20673
20674
20696
2114
2130
21421
2144
21507
2161
21687
21798
21995
2199
22126
22189
2230
2241
22467
2269
22743
2288
23242
23308
23344
2342
2352
23560
23701
2377
23804
23805
2393
24058
24060
24204
2423
24311
2482
24978
25129
25130
2571
25923
25991
25992
26426
26427
26547
2670
26875
26929
2696
2749
2808
3018
3064
3095
3139
3198
3276
3320
3404
3414
3491
3593
5447
5607
5615
5637
5683
5688
5694
5781
5896
5971
6038
6068
6106
6175
6194
6255
6289
6515
6538
6549
6579
6662
6717
6772
6778
6817
6879
7010
7048
7187
7321
7380
7512
7637
7648
7836
8453
8495
8569
8884
8978
9007
9122
9277
9383
9671
10101
10184
10873
11585
11771
11849
11923
12225
13922
14421
14521
14687
15010
15590
15735
16694
17700
17725
18096
18596
18607
19529
2064
2133
2150
22142
2215
22233
2224
2242
2265
2309
2359
2383
24019
2467
24980
2501
25153
2516
25260
25314
2546
25572
2602
26104
26608
2680
2719
27261
27274
27275
2769
2771
2895
2955
3046
3118
3210
3251
3265
3360
3443
3448
5453
5783
5795
6048
6084
6241
6305
6381
6473
6504
6617
6976
7036
7060
7306
7464
7567
7823
8162
8262
8754
9916
10065
10109
10329
10943
13120
13375
14809
15295
15477
15783
16539
18054
21135
2149
21533
21671
22372
2260
2332
24433
2450
2579
26095
2632
26789
26795
27069
27273
2793
2988
3146
3192
3267
3375
5448
5452
5512
5687
5831
6108
6354
6401
6509
6829
6979
7547
8333
8935
9518
9703
9823
10203
12733
13579
15811
19282
21452
2203
2206
2298
27260
2820
2885
3013
3134
3283
5460
5754
6072
6371
6892
8645
2321
3337
6511
6912
2240
4073
2120
3313
4899
5752
9080
9596
2175
4337
2577
4042
5268
6271
6841
3130
2081
3169
3838
2727
4755
4903
5182
5520
5667
6229
7383
8726
8792
9903
2101
2530
4550
5037
5841
6141
6273
6711
6905
7107
7563
8407
2090
4135
2219
2033
2117
3237
3332
2177
2490
3926
4263
10247
10533
10859
11382
12765
1860
1911
1916
1990
2187
2909
4260
4468
4682
4902
4918
5304
5339
5403
5704
5842
5894
6017
6356
6442
6747
6842
7232
7442
7764
9034
9306
9492
2058
2252
2278
2525
4324
2086
2625
2094
2122
2804
3107
4161
2059
2169
2791
4036
2462
3032
4010
4540
4820
4884
5890
6018
6057
6127
7309
7560
7839
8629
8985
9281
2290
2391
2949
3102
3673
2045
2274
2386
2875
3161
3214
3996
2026
2308
2552
3990
10091
10363
10613
11028
11233
11557
11816
11945
11951
12089
12222
12224
12427
12547
12727
1864
1867
1930
1934
1991
2008
2141
2365
2642
2774
2854
2985
3472
3587
4844
4877
4975
4994
5238
5319
5720
5888
5941
5946
6278
6590
7229
7273
7724
7933
7935
8032
8632
2025
2181
2236
3330
3696
4120
2171
3408
3658
2476
2515
4265
2036
2099
2174
2338
2416
2496
2582
2694
3253
3776
2848
3591
4586
4612
4771
4823
4901
5031
5074
6528
6784
7128
7334
8113
8723
8724
9396
2051
2529
3391
2221
2289
2456
2517
2578
3026
3079
2046
2157
2685
3158
3462
2337
2410
2975
3148
3952
4430
10056
10142
10212
10283
10576
10696
10707
10824
10857
10919
11023
11066
11159
11230
11232
11475
11539
11747
12057
12328
12428
12429
12549
12598
12729
12896
12928
1865
1866
1929
1932
1937
1943
1967
1968
1974
1981
1994
2006
2085
2108
2262
2681
3699
3895
3989
4457
4694
4896
5188
5307
5405
5680
5879
5889
6153
6178
6397
6710
6950
7012
7063
7191
7384
7785
8341
8627
8628
9165
9713
9779
9805
2303
2547
2620
2736
3358
3586
3785
4143
4162
4193
4342
2116
2256
2379
2568
2795
3302
3503
2158
2185
2437
4553
2356
2671
3388
3970
4012
4396
2079
2229
2417
2508
2623
3612
3940
4465
4714
4824
5028
5193
5194
5537
5548
5554
5574
5678
5699
5802
5887
5895
5973
6154
6155
6218
6441
6906
6951
7013
7234
7267
7307
7346
7492
7525
8419
8790
9054
9164
2292
2430
2581
2907
3269
3618
4165
4453
4460
2143
2455
2698
2880
3023
3281
3711
3861
3919
4163
2089
2182
2319
2428
2605
2845
2993
3121
3290
3707
4064
4119
4225
4434
2098
2244
2394
2489
2828
3182
3609
3649
3701
3862
3988
10432
10858
10923
11380
11383
11477
11587
11808
11874
11986
12149
12150
12175
12346
12358
12548
12648
12700
12793
13022
1889
1891
1908
1910
1912
1921
1925
1961
1975
1984
1985
2007
2009
2080
2497
2522
2540
2682
2941
3029
3098
3137
3208
3304
3629
3786
4084
4286
4369
4464
4589
4738
4754
4767
4768
4860
4948
5072
5073
5113
5134
5233
5240
5324
5551
5553
5697
5750
5799
5840
5943
5945
6030
6056
6058
6101
6102
6156
6200
6276
6357
6358
6484
6485
6529
6555
6592
6706
6746
7035
7095
7126
7192
7194
7516
7588
7597
7762
7811
7838
7858
7959
8226
8227
8263
8342
8433
8434
8497
8729
9035
9099
9130
9440
9493
9575
9833
9901
2095
2267
2374
2481
2608
2781
2919
3217
3639
4022
4247
4376
2031
2179
2748
2812
3176
3336
4149
2035
2121
2233
2378
2624
2788
3147
3293
3582
3619
3632
3813
3908
4187
4372
4554
2315
2405
2894
3489
3751
4237
2266
2562
2667
3272
3323
3660
3822
4198
4375
4769
4822
4839
4875
4898
5172
5185
5195
5305
5426
5437
5528
5651
5843
6015
6016
6114
6123
6124
6131
6230
6486
6783
6907
7046
7169
7231
7344
7444
7482
7518
7598
7679
7763
8264
8420
8498
9296
9397
2173
2457
2468
2565
2725
2905
2973
3068
3521
3836
3941
4049
2183
2650
2678
3204
3695
3816
3969
4074
4125
2172
2296
2896
3246
3432
3698
3703
4285
2128
2176
2402
2449
2543
2761
2978
3089
3346
3526
4299
10019
10094
10143
10175
10211
10219
10228
10248
10326
10364
10365
10433
10451
10534
10615
10825
10912
10979
11022
11067
11134
11135
11305
11381
11427
11474
11476
11586
11641
11674
11746
11946
12033
12056
12221
12223
12263
12264
12357
12487
12489
12491
12728
12791
12792
12897
12948
12949
12995
1858
1944
1945
1979
2005
2091
2159
2178
2268
2370
2564
2566
2977
2979
3129
3261
3294
3342
3433
3625
3844
3879
4167
4194
4292
4576
4617
4628
4634
4687
4710
4742
4766
4995
5002
5156
5171
5191
5237
5239
5241
5256
5269
5341
5513
5516
5715
5717
5801
5844
5944
5974
6099
6103
6130
6172
6272
6274
6307
6327
6444
6556
6652
6785
6786
6952
7064
7065
7109
7125
7173
7268
7333
7414
7494
7519
7557
7583
7587
7590
7677
7960
7961
8224
8225
8408
8492
8631
8791
8855
8941
9036
9037
9079
9100
9205
9247
9264
9441
9442
9576
9654
9718
9750
9778
9852
9900
9902
2062
2180
2218
2255
2493
2541
3361
3611
4122
2392
2418
2558
2754
2986
3037
3110
3111
3451
3896
2110
2471
2691
3297
3395
3527
3641
3667
4043
4238
4296
4398
2043
2087
2447
2653
2758
2775
3055
3096
3627
3954
4011
4588
2408
2570
3319
3442
3628
4635
4684
4695
4874
4876
4878
4879
4886
4895
4897
4956
5024
5038
5050
5075
5118
5220
5242
5254
5255
5308
5344
5409
5438
5635
5657
5756
5800
6032
6037
6059
6097
6136
6140
6142
6159
6198
6277
6290
6335
6398
6513
6540
6546
6593
6818
6908
6953
7029
7081
7097
7127
7230
7279
7280
7415
7443
7495
7517
7523
7524
7526
7561
7562
7564
7565
7600
7675
7680
7786
7934
8031
8046
8047
8626
8725
9204
9386
9388
2279
2484
2656
2737
2916
3163
3603
4085
4109
4281
4529
2055
2220
2258
2435
2466
2549
2756
2807
2872
3050
3077
3216
3244
3457
3630
4056
2299
2463
2550
2627
2739
2924
3152
3309
3372
3837
3971
4024
4047
4358
4451
2076
2254
2316
2498
2551
2811
3017
3085
3167
3284
3363
3702
3742
3752
3831
3916
3953
4113
4153
4199
4420
4435
4466
10115
10116
10328
10732
11024
11027
11231
11540
11875
11987
12327
12345
12347
12488
12699
12757
12950
1859
1928
1998
2532
2553
2669
2777
3141
3171
3207
3352
3460
3528
3697
3835
3917
4141
4233
4633
4685
4686
4713
4846
4917
4934
4989
5025
5099
5121
5176
5177
5186
5192
5236
5323
5402
5510
5645
5716
5940
5942
5975
6033
6080
6082
6098
6121
6129
6158
6179
6197
6228
6326
6380
6469
6471
6512
6707
6709
6792
6984
7011
7015
7047
7193
7345
7483
7520
7521
7559
7584
7585
7586
7599
7857
7881
8280
8340
8630
8984
8986
8988
9081
9129
9248
9280
9283
9542
9653
9834
9837
9853
2576
2702
2755
2847
3516
3635
4431
4518
2186
2407
2573
2718
3010
3060
3317
3613
3768
4083
4336
4511
2115
2548
3610
3646
3886
2067
2151
2349
2720
2821
3034
3114
3334
3634
3644
3955
4097
4524
2030
2263
2421
2439
2563
2888
3224
3393
3645
4542
4632
4683
4996
5173
5234
5235
5265
5435
5550
5597
5598
5714
5817
5955
6031
6275
6325
6395
6440
6443
6514
6708
7014
7096
7142
7269
7522
7558
7624
7678
7765
8987
9190
2113
2140
2474
2661
3093
3704
3956
4262
4314
2205
2966
3598
3897
4142
2434
2626
2772
2859
3097
3446
3633
3671
4168
4335
2184
2475
2794
3221
3311
3918
10020
10090
10176
11025
11306
11772
12090
12220
1917
1976
2526
2689
3354
3648
3719
5257
5616
6081
6100
6113
6157
6782
6949
7589
7676
8030
8114
9249
9507
9751
2170
3155
3262
3834
3177
3790
4159
4166
4958
2331
2817
3434
3664
4391
4548
2119
4170
2163
2816
3804
4236
5853
5927
6591
7382
2281
3708
4359
2354
2757
3022
11790
17628
18971
28767
3579
4050
4057
5899
10229
10537
12106
14310
16844
17377
17925
19607
20345
20489
21173
21446
22626
23369
23601
26066
26271
26743
27231
29130
29400
29789
3422
3572
3650
3714
3964
4007
4387
4493
4551
4654
4741
4794
4835
4841
5166
5170
5291
5494
5556
5825
5873
5877
6041
6705
7671
7944
9162
10668
11927
12128
12179
12603
12701
13390
14311
14467
14513
14653
16451
17026
17297
17452
17863
18114
18386
18808
19811
19953
19989
20201
20357
20614
20732
21174
21202
21330
21472
21625
21896
22186
22917
23134
23482
23495
23756
23821
24452
24566
24568
24640
24784
25294
25303
25381
25495
25636
25907
25994
26098
26153
26219
26315
26419
26446
26661
27351
27460
27473
27561
27757
27835
28070
28747
28762
28770
28788
28846
28851
29055
29437
29543
29698
3453
3475
3477
3484
3501
3554
3570
3576
3631
3705
3863
3884
3899
4086
4216
4384
4476
4498
4536
4611
4655
4740
4829
4833
4885
4923
4927
5033
5215
5489
5530
5834
5910
6006
6061
6144
6145
6168
6188
6313
6548
6852
6940
7030
7049
7197
7262
7291
7362
7733
7750
7988
7994
8104
8746
9082
9295
9408
9738
10295
10333
10474
10590
10623
11068
11115
11215
11351
11595
11838
12217
12292
12352
12433
12502
12516
12575
12890
13317
13551
13627
14149
14457
14512
14574
14679
14956
15031
15141
15220
15559
15618
15712
15816
15896
16939
17041
17098
17115
17316
17332
17412
17458
17595
18012
18120
18677
19549
19605
20024
20238
20344
20465
20504
20607
20731
20746
20835
20881
20889
21008
21204
21296
21523
21544
21576
21715
21913
22047
22525
22668
22819
22836
22967
23054
23151
23380
23510
23580
23596
23607
23831
24124
24142
24164
24375
24401
24551
24563
24787
24861
24862
24865
25291
25553
25638
25756
25804
25834
25982
25996
26002
26207
26234
26412
26600
26660
26666
26776
26839
26866
27415
27419
27475
27610
27728
27787
27883
27910
27923
28139
28194
28259
28343
28353
28749
28751
28763
28790
28850
28970
29189
29307
29352
29632
29684
29797
3394
3413
3420
3426
3430
3487
3495
3534
3548
3551
3556
3561
3569
3573
3889
3934
4035
4439
4477
4487
4499
4584
4798
4862
4971
4983
4986
5029
5032
5119
5167
5218
5222
5276
5282
5321
5343
5586
5758
5787
5897
5930
6002
6008
6184
6189
6297
6384
6408
6553
6580
6603
6664
6718
6730
6744
6781
6853
6865
6898
6928
7040
7054
7059
7226
7310
7402
7404
7672
7674
7802
8186
8308
8429
8477
8488
8531
8903
9031
9375
9502
9556
9690
9914
10014
10278
10292
10743
10898
10945
11007
11048
11152
11308
11469
11594
11715
11899
12012
12034
12060
12156
12158
12255
12401
12555
12602
12691
12770
13420
14013
14054
14100
14372
14508
14557
14580
14915
14917
15063
15229
15240
15421
15475
15538
15859
15901
16076
16136
16258
16262
16531
16636
16688
16706
16789
16847
16961
17544
17551
17582
17717
17738
17800
17884
17889
17919
18244
18394
18407
18614
18969
19548
19646
19809
19853
19882
19915
19954
20148
20328
20356
20802
20984
21006
21088
21255
21310
21375
21492
22048
22092
22111
22118
22193
22273
22393
22633
22657
22768
22860
22861
23025
23084
23142
23602
23684
23789
23894
23961
23992
24038
24292
24402
24573
24616
24659
24734
24863
25290
25295
25296
25377
25380
25382
25568
25569
25758
25759
25858
26087
26088
26160
26191
26503
26548
26577
26601
26640
26920
27039
27101
27112
27374
27418
27429
27461
27472
27585
27598
27756
27807
27809
27812
27861
27862
27941
27993
28033
28047
28132
28145
28211
28428
28755
28768
28769
28772
28781
28782
28783
28789
28845
28849
28862
28968
28998
29025
29052
29115
29277
29278
29279
29321
29324
29393
29399
29467
29631
29699
29775
29866
3379
3382
3401
3424
3428
3468
3496
3532
3545
3549
3564
3575
3637
3643
3656
3729
3887
3942
4386
4423
4461
4472
4484
4491
4556
4656
4788
4831
4920
4962
4963
4980
4981
5003
5163
5184
5214
5223
5228
5231
5277
5329
5401
5413
5492
5499
5540
5587
5760
5761
5836
5846
5850
5901
5905
5908
5911
5920
5966
6005
6022
6146
6191
6292
6340
6409
6417
6433
6503
6586
6636
6642
6643
6722
6754
6769
6776
6813
6821
6864
6871
6913
7135
7152
7164
7183
7222
7303
7426
7484
7498
7535
7673
7794
7795
7803
7810
7987
8049
8244
8289
8367
8751
8775
8784
8965
9093
9132
9163
9193
9311
9587
9638
9650
9768
9886
10013
10015
10058
10111
10158
10230
10344
10422
10473
10602
10717
10996
11069
11170
11243
11350
11468
11725
11806
11807
11926
12061
12291
12410
12411
12692
12867
13389
13411
13486
13536
13561
13625
13629
13635
13636
14012
14051
14076
14197
14379
14509
14579
14584
14619
14815
14834
14859
14948
14972
15087
15142
15292
15420
15484
15574
15612
15779
15780
15858
16112
16118
16404
16454
16752
16846
16887
16938
16998
17004
17265
17647
17691
17771
17792
17976
18031
18095
18279
18615
18616
18701
19613
19638
19711
19810
19833
19842
19852
19948
19986
20056
20101
20196
20202
20586
20596
20683
20705
20782
20893
20933
20990
21311
21610
21886
22090
22385
22483
22632
22764
23135
23501
23535
23579
23606
23641
23649
23746
23813
23853
23871
23969
24198
24376
24377
24453
24545
24564
24567
24636
25289
25292
25300
25373
25375
25378
25631
25765
25823
25930
25969
25970
25997
25998
26014
26216
26613
26642
26702
26781
26863
26992
27071
27171
27477
27497
27536
27624
27722
27805
27806
27828
27853
27860
27881
27882
28102
28144
28189
28281
28748
28750
28754
28756
28757
28759
28761
28764
28765
28771
28773
28778
28780
28848
29026
29053
29054
29056
29221
29477
29504
29544
29614
3380
3392
3405
3412
3427
3429
3464
3478
3486
3488
3505
3531
3540
3552
3557
3563
3567
3577
3578
3602
3620
3640
3647
3687
3882
3888
3914
4009
4112
4114
4169
4273
4323
4364
4440
4473
4474
4483
4497
4620
4690
4796
4799
4802
4838
4840
4863
4916
4919
4972
4973
5136
5141
5349
5368
5429
5490
5748
5786
5816
5818
5827
5828
5874
5900
5925
5933
6073
6078
6181
6183
6185
6186
6199
6264
6270
6349
6377
6383
6413
6435
6474
6480
6487
6531
6554
6589
6645
6650
6680
6720
6734
6780
6825
6863
6891
6939
6941
7007
7077
7151
7184
7198
7199
7220
7259
7271
7326
7347
7361
7379
7386
7388
7407
7416
7469
7499
7508
7534
7753
7792
7880
7903
7906
7982
7986
8050
8105
8145
8220
8261
8266
8366
8381
8392
8869
9072
9102
9160
9206
9230
9251
9256
9269
9409
9672
9736
9737
9812
9915
10023
10057
10100
10368
10421
10472
10515
10565
10566
10669
10690
10927
10929
10947
10968
11019
11118
11328
11329
11412
11680
11764
11870
11871
11957
12118
12139
12140
12157
12257
12473
12503
12693
12753
12773
12807
12891
12892
12893
12911
13316
13351
13388
13452
13547
13637
14050
14053
14055
14150
14284
14471
14504
14505
14506
14511
14514
14971
15036
15046
15047
15113
15228
15302
15358
15370
15371
15532
15711
16021
16034
16233
16315
16501
16545
16606
16650
16669
16845
16936
17025
17031
17296
17317
17469
17687
17696
17716
17793
17810
17920
18122
18265
18619
18779
18920
18970
19637
19734
20086
20239
20241
20595
20641
20642
20708
21206
21228
21235
21254
21435
21601
21674
21729
21750
21786
21884
21994
22008
22074
22091
22116
22231
22356
22430
22558
22659
22750
22800
22991
23081
23395
23420
23422
23437
23438
23477
23500
23542
23683
23790
23822
23823
23832
23851
23872
23940
24037
24039
24110
24144
24306
24537
24562
24615
24635
24708
24720
24754
25293
25297
25299
25302
25374
25376
25379
25480
25494
25552
25567
25749
25757
25766
25789
25958
25999
26057
26059
26166
26167
26189
26276
26411
26542
26678
26738
26739
26767
26848
26867
26883
26884
26908
26914
27004
27070
27072
27102
27122
27361
27412
27474
27476
27491
27560
27748
27758
27810
27849
27852
27859
27884
27908
27914
27925
27938
27980
28003
28011
28071
28130
28161
28212
28253
28261
28274
28326
28354
28385
28393
28397
28753
28758
28760
28766
28774
28775
28786
28860
28861
28969
28999
29024
29057
29128
29154
29276
29336
29353
29460
29463
29476
29546
29599
29630
29734
29820
29821
29857
3381
3387
3406
3445
3450
3467
3485
3504
3506
3507
3510
3519
3533
3536
3537
3555
3558
3565
3568
3589
3605
3692
3792
3852
3854
3910
3933
3973
3984
4241
4307
4422
4432
4441
4455
4480
4488
4489
4490
4653
4689
4727
4728
4826
4961
4964
4979
5023
5026
5067
5068
5104
5320
5347
5351
5353
5354
5400
5411
5439
5493
5549
5759
5765
5776
5790
5803
5845
5861
5872
5878
5885
5902
5903
5904
5907
5909
5934
5968
5969
6043
6051
6171
6180
6182
6187
6210
6211
6212
6226
6258
6296
6300
6334
6347
6348
6364
6365
6388
6407
6439
6475
6530
6562
6587
6612
6663
6723
6735
6752
6773
6793
6839
6862
6884
6893
6897
6899
6901
6903
6904
6994
7092
7163
7292
7322
7385
7387
7431
7497
7656
7690
7757
7981
7985
8103
8106
8107
8178
8245
8277
8287
8288
8290
8418
8463
8532
8745
8932
8947
9046
9150
9250
9279
9297
9365
9536
9609
9784
9794
9871
9878
9967
10012
10129
10296
10297
10343
10367
10744
10897
10946
11078
11470
11837
12218
12400
13315
13474
13574
13624
13634
14052
14300
14365
14400
14507
14510
14575
14797
15102
15227
15260
15573
15599
16129
16131
16196
16331
16450
16569
16660
16744
17005
17033
17040
17099
17548
17690
17770
17904
18013
18028
18172
18613
18617
18618
18890
19550
19795
19847
20096
20240
20417
20561
20608
20884
21041
21305
21410
21509
21518
21885
22017
22046
22302
22355
22559
23007
23424
23507
23566
23639
23820
23824
23852
24008
24279
24654
25298
25301
25584
25740
25743
25820
25935
26039
26143
26217
26338
26351
26556
26916
26941
27137
27182
27359
27498
27796
27808
27827
27942
28095
28131
28162
28292
28336
28745
28746
28752
28776
28777
28779
28784
28785
28787
28847
28881
28946
29129
29153
29222
29275
29609
29615
29673
29700
29751
3390
3425
3474
3476
3479
3535
3544
3550
3553
3559
3562
3566
3571
3574
3843
4093
4220
4397
4458
4478
4479
4481
4485
4486
4492
4579
4603
4688
4763
4834
4866
4872
4982
4984
5100
5160
5190
5283
5433
5491
5789
5906
5932
5936
5986
6202
6319
6399
6420
6542
6566
6568
6644
6679
6902
6971
7034
7053
7134
7475
7536
7697
8012
8144
8410
8466
8703
8704
8750
8752
8911
8990
9133
9159
9161
9389
9467
9555
9673
9767
10154
10279
10928
11670
11793
11917
12468
12514
13448
13575
13633
14916
14923
15170
15750
17027
18092
18676
20621
21397
22779
24864
26194
26244
26298
26538
26892
27224
28945
29027
29716
3502
3529
3530
3626
4212
4357
4418
4463
4475
4801
4827
4836
4837
4842
4867
4924
5049
5055
5303
5345
5369
5592
5811
5835
5915
6009
6166
6338
6345
6457
6537
6582
6618
7058
7212
7332
7470
7853
8309
8912
9085
