0.145882470781
0.247288091704
0.214154763169
0.140523268036
0.221542880917
0.226641393322
0.21891030026
0.130422766553
0.329417149834
0.176766757452
0.275772959278
0.297030279569
0.326309718592
0.331679116803
0.250679039823
0.209390124104
0.344406654135
0.282881629487
0.330829705562
0.346933980129
0.31531314106
0.243820902307
0.301611269322
0.324995797103
0.273802879337
0.28719908449
0.234610443765
0.290743474504
0.30153278237
0.225378701714
0.373555492887
0.274447973667
0.23441829209
0.24760405174
0.254424176642
0.308996046335
0.309767262493
0.274698174154
0.253824137704
0.250620255252
0.260405995896
0.287872053667
0.288751134458
0.295242100168
0.232869311916
0.326453397661
0.321339383319
0.270354763371
0.323349001597
0.332965290977
0.237613830394
0.312215148764
0.310319602125
0.228088277373
0.264780082921
0.304469988491
0.328276596297
0.304326267301
0.261103593946
0.36497427926
0.406937543726
0.397391064397
0.341302960171
0.371829690116
0.355792273643
0.400900611723
0.428901276997
0.458691270439
0.340070613653
0.418297155778
0.444928602149
0.393504364872
0.369845018409
0.291027564182
0.384380085097
0.328402429794
0.390650863851
0.412541875642
0.416324828878
0.391072668671
0.360915516871
0.371186253901
0.454206019572
0.416215222317
0.349387667135
0.351938600952
0.380401022802
0.391585851835
0.395848345193
0.3368766029
0.372044934544
0.397285988461
0.411000600068
0.355381982092
0.321403433375
0.346882677223
0.39777274169
0.395848345193
0.413569848042
0.436118867867
0.375543595278
0.412318242465
0.36149026288
0.348223344762
0.370404259646
0.429317050173
0.433084778487
0.351585127987
0.318103552675
0.33909590364
0.396799223191
0.362004296189
0.393928409836
0.404417938225
0.349371059563
0.353072469064
0.319651300771
0.406398632949
0.318648402996
0.339801614459
0.327233830293
0.353142327322
0.377170634983
0.389062707385
0.334042995212
0.334846730472
0.362698786994
0.497544293563
0.455387395281
0.535939771739
0.42907494212
0.499655195596
0.492929839561
0.592020436931
0.483835831629
0.43710805759
0.530553747986
0.430853754486
0.511110802504
0.500181747328
0.498392325841
0.450246756786
0.438745607824
0.53479403825
0.48559858661
0.531663429071
0.462857579199
0.477016151617
0.444709624288
0.506647176306
0.484631232669
0.42304832609
0.487139562813
0.500782181244
0.445708516031
0.448626793211
0.484295428727
0.457260970705
0.469478423468
0.545743144246
0.440751888665
0.481739143678
0.472246028925
0.528776112235
0.550023088484
0.505803121329
0.449168846894
0.467923217164
0.518704345507
0.426030490431
0.472183193094
0.49255730702
0.465707887461
0.490941924864
0.490421420287
0.482274379159
0.432177206005
0.497087282598
0.490505827188
0.502881395551
0.545476570809
0.482255244219
0.532569768405
0.425751273111
0.479535282288
0.442944977319
0.490203846242
0.523269001469
0.459942985107
0.431739810674
0.464566421155
0.517716444972
0.413242191809
0.504720113225
0.437785223744
0.563693941338
0.503882655604
0.424011485525
0.470778850169
0.424552840809
0.425854024704
0.449715963546
0.569206307927
0.457645938567
0.500676006284
0.436652138815
0.602427358561
0.538321147384
0.531676489205
0.589912711848
0.568508236488
0.603899103861
0.57820548579
0.599518595422
0.570562045911
0.548586030154
0.584295428727
0.587143536776
0.632309189077
0.590954636515
0.528168941055
0.577083689051
0.458715417035
0.57234675191
0.544663312
0.599937913614
0.574509309843
0.618955737065
0.553829485073
0.626554369815
0.579891640259
0.537864085853
0.531927999007
0.521087918996
0.57187832396
0.580057568245
0.565909810458
0.591888331341
0.570683844569
0.570902719298
0.604932687874
0.568291700338
0.608110407421
0.566597290474
0.599224713007
0.529554780571
0.513228345337
0.649988919049
0.641304097506
0.712315828448
0.687089376707
0.70104665771
0.68917588149
0.588081319294
0.58491883494
0.602034500192
0.639039472493
0.687641423652
0.66508030429
0.721639488434
0.648928309461
0.694398487508
0.688966795884
0.655422889899
0.62694273192
0.601240755472
0.647292467693
0.60536325624
0.639530697967
0.610552554443
0.656477863942
0.624255196903
0.763691175815
0.704571865875
0.785887491368
0.680596400207
0.752420048764
0.77309886354
0.736880741087
0.764909479321
0.726180748167
0.665071830935
0.67868006598
0.813423826705
0.7466642081
0.730001667115
0.724679125417
0.680730763399
0.777176865212
0.741880173327
0.766627096807
0.814117608506
0.801312421932
0.740269107525
0.826322426991
0.852162226348
0.859538457789
0.825859032664
0.785550433648
0.786270281817
0.899410573661
0.878570645815
0.767913547319
0.177502560893
0.192541857635
0.0851001140428
0.113992650976
0.163632700926
0.147457343279
0.203523701346
0.267436031745
0.170848680608
0.142188246334
0.18665324352
0.127086225312
0.323086463123
0.308483441242
0.270416411779
0.324258611097
0.242512597828
0.343819652405
0.312596434564
0.311305769239
0.284465499931
0.299200149264
0.220038602602
0.275866990777
0.333703070171
0.25362472616
0.251454789407
0.304466655813
0.285226192566
0.300525187067
0.370700963156
0.217502301602
0.308338933923
0.351609582572
0.379127736269
0.217570314829
0.313604056774
0.331418406173
0.406812610049
0.355507102257
0.390692137762
0.289763118948
0.435978377146
0.404496637735
0.3116757004
0.372628936334
0.397068227138
0.317811755753
0.3664990465
0.38033261682
0.399696093768
0.283126504826
0.345115305075
0.393525795454
0.378213602699
0.379362746491
0.325187569723
0.390048277659
0.339545919893
0.43938345815
0.44860063568
0.340450572496
0.376506511024
0.342302684937
0.326436245526
0.388695970042
0.415751139094
0.413906388906
0.333875608852
0.344763127966
0.398920457941
0.420358196028
0.461718039576
0.365205776306
0.37941783244
0.387366127366
0.421373434954
0.349271229553
0.34627956249
0.404189812438
0.419955045394
0.399950206579
0.383946198501
0.489292630711
0.453733540562
0.46561526913
0.408494653071
0.445358569683
0.433675619254
0.419770070214
0.462154975943
0.403183298373
0.487026718779
0.56140920842
0.45100758583
0.533447503424
0.443485176955
0.475908580771
0.466805541493
0.509920930118
0.415331410008
0.402755213654
0.510516094564
0.45072868036
0.402127663412
0.586629157367
0.431561375821
0.424258611097
0.47052178386
0.489629938516
0.5072242461
0.462372063664
0.491114497386
0.46577307659
0.44814805386
0.472685474056
0.35811236681
0.51811018579
0.527603393262
0.450685196731
0.464992412768
0.46243731562
0.447585286647
0.538081153059
0.427319471492
0.493903407669
0.478008580358
0.52241799729
0.494545015571
0.446220977367
0.429915362837
0.518036796485
0.484910969236
0.449403726292
0.489671691509
0.454245031155
0.51802387495
0.468849608392
0.574948786582
0.514671596648
0.610630096707
0.53345924638
0.603728057444
0.588459134767
0.632076671573
0.482327381126
0.572920756421
0.590800157262
0.568849608392
0.690925244003
0.621562259202
0.617872826243
0.54466717292
0.575740310306
0.559856097891
0.517837309508
0.603104534789
0.508747907709
0.625439837891
0.510849301808
0.562558564825
0.523106192661
0.501808659805
0.573520127025
0.601825398343
0.543076545957
0.594272887568
0.508539095008
0.598166475385
0.537844714086
0.601281232798
0.559252571486
0.430613269467
0.620375712797
0.629618289217
0.568111722887
0.583462071999
0.528013589562
0.569971356631
0.566993386976
0.520483424547
0.603653243076
0.54743856675
0.559725216761
0.545379043678
0.582954853991
0.637246776588
0.72240642623
0.693528106143
0.600481754321
0.588612320681
0.73024921951
0.674426704452
0.702761270101
0.674729962226
0.713587755005
0.643280021062
0.642408977448
0.666294384082
0.664866588181
0.66495052869
0.672839387051
0.674980904659
0.638024412379
0.650277954872
0.611393738384
0.664139021282
0.703288501803
0.609342483235
0.721563392084
0.605094678249
0.69226556545
0.716467652788
0.677951038913
0.661451918683
0.630753982774
0.612582741775
0.723157949986
0.712027741898
0.651155426857
0.654999852359
0.685370820814
0.643306434087
0.651724373528
0.691091523425
0.624719433792
0.662346677894
0.654776067239
0.662786204737
0.701806792909
0.660041129643
0.631834409842
0.656314361813
0.650276546118
0.644940699306
0.709053835896
0.665628697509
0.679777199213
0.674350536704
0.644137933737
0.697912979266
0.774682314736
0.750732608152
0.705655664883
0.729413183172
0.732135811515
0.760914127262
0.765377074795
0.739451850738
0.766821927681
0.808102959467
0.729888727994
0.700771137904
0.806044117151
0.752171520597
0.805313735251
0.760902722399
0.809454968604
0.736264411538
0.75348162946
0.707304337123
0.687234558773
0.76156603763
0.790487859347
0.773396973509
0.665554528138
0.822515312039
0.788781392894
0.826110078597
0.79290615127
0.787115016347
0.810596792516
0.829493271184
0.82787905117
0.821566282466
0.865172990396
0.93388282083
0.849872788669
0.764651284782
0.83664617308
0.940109752055
0.914248245577
0.934075844714
1.017482692
0.908162125687
0.943898778924
0.921754028308
0.93963747406
0.881588505371
0.958809877777
0.107896987477
0.060034148439
0.132309733284
0.1324441189
0.175415021722
0.199331127787
0.0577707346848
0.104549417411
0.18878767971
0.219917845686
0.27019665667
0.224522192999
0.24227245146
0.188223609586
0.303631164346
0.206301960146
0.242625588689
0.20443706776
0.261103593946
0.277873578659
0.207551981556
0.330079905194
0.302848476938
0.242711524373
0.340093885984
0.271301427986
0.287494474391
0.284923598985
0.296339801308
0.267242613742
0.385027690783
0.310079395374
0.273585011352
0.327927478686
0.2274544779
0.261178820579
0.273929190058
0.363375592416
0.265878976481
0.247241774628
0.326015867029
0.38693467666
0.272113687544
0.408831066371
0.320741488846
0.398014718631
0.360643685053
0.299682397876
0.37301593818
0.357066897556
0.36334264727
0.456661395504
0.430340296805
0.377750727311
0.398583533239
0.381508558293
0.42377041508
0.440486560852
0.433559539666
0.427147060602
0.441889983907
0.374742568411
0.391072668671
0.417561355839
0.374898401935
0.369434982111
0.444119686201
0.453329481012
0.390227254555
0.426524910199
0.465989274391
0.476371155129
0.411318913189
0.447210567663
0.379167719852
0.439279443526
0.444821652254
0.469858355225
0.515314286064
0.51046945022
0.461890268987
0.372912332629
0.480751126656
0.464382680247
0.518138356728
0.448176382657
0.405330794702
0.505505345429
0.451369277855
0.466023280715
0.437386592056
0.460317622946
0.511900300762
0.598699547174
0.465667459737
0.478123924261
0.491190934164
0.533723537842
0.472006567457
0.459479686618
0.46217559253
0.535218588549
0.55123527351
0.548351146865
0.508715976812
0.48257255352
0.487510012141
0.600801535607
0.532520863225
0.560808363738
0.462683796629
0.530385444802
0.488921154367
0.544763127966
0.511350777695
0.547736889588
0.531479385136
0.512031228484
0.530215284767
0.529636307102
0.543732748478
0.552244924119
0.562099007208
0.556972526368
0.569947317261
0.529873263253
0.543018778874
0.559635955644
0.538623923423
0.580082459789
0.536115123572
0.577750326196
0.515902382267
0.525115522873
0.585085767641
0.541532496028
0.533688545797
0.555108374504
0.516854072201
0.5466642081
0.579364580389
0.49521216644
0.584432856891
0.504219711497
0.55251177114
0.572426248375
0.46131548231
0.587291702959
0.581463702863
0.496393618106
0.579535282288
0.60227709264
0.555627770328
0.559957302981
0.561598795146
0.582812124815
0.607585378063
0.549956734749
0.56353721692
0.648388296111
0.592347035125
0.602943074014
0.618520448635
0.678345424966
0.581292970815
0.570902719298
0.655021009413
0.605358493157
0.675839189198
0.568965407165
0.599934448533
0.644134025097
0.55207422586
0.603165119642
0.597363334487
0.610285281346
0.590104238105
0.610830790617
0.584933113843
0.549090333243
0.5638274763
0.611746712556
0.670793004827
0.666945372567
0.61978911315
0.607181163457
0.630600781924
0.586038012073
0.625060181146
0.733689776588
0.655655623524
0.637063967108
0.730360565428
0.55772597314
0.593980762929
0.624247549376
0.651242563148
0.712584591512
0.64128687752
0.661517375985
0.71376665927
0.635003288816
0.761092740815
0.610869823816
0.669604847139
0.650002665573
0.621499251147
0.676508961207
0.666166066966
0.697761195044
0.701070912546
0.640839815533
0.721630416513
0.653355997809
0.649485757075
0.6947650685
0.677502015325
0.723834171035
0.714176822859
0.640457545402
0.685803150711
0.724671695906
0.681351303236
0.652450221815
0.663390991189
0.666231647312
0.635815111396
0.633873487952
0.624147305044
0.633739224413
0.716683383032
0.604250488427
0.655581535182
0.608530102744
0.634597878375
0.67318217787
0.649367226419
0.654732250067
0.690002855374
0.713485783342
0.584603501648
0.673840159283
0.623205901823
0.639051367767
0.607578974788
0.677330672805
0.66887131479
0.690902511722
0.705435025265
0.662477248066
0.669107788273
0.703344583534
0.664092586538
0.645747289447
0.6570587014
0.667274240677
0.687907559883
0.670890839588
0.749466633451
0.718068035454
0.712887226573
0.778449392883
0.663335685834
0.688307709509
0.721383990018
0.704502183384
0.722160278637
0.748329527677
0.69501640936
0.674302948229
0.740196744607
0.760205979909
0.643951811249
0.733906786162
0.75803081498
0.724599409147
0.761761173781
0.692198095636
0.750169167225
0.727237991225
0.706213665659
0.872120606447
0.7764679489
0.703337536395
0.73639344707
0.718068035454
0.703656377908
0.804870961551
0.71692473583
0.836011982784
0.749431694093
0.759538457789
0.779956023317
0.713521322964
0.752810047294
0.766941978864
0.769961706336
0.765664020969
0.754197080595
0.784176848081
0.788150947829
0.768526242504
0.775820258935
0.853277281155
0.734161768954
0.733482042577
0.801670601828
0.742177542174
0.771362761775
0.75418987024
0.825027628949
0.805632993818
0.701969333978
0.816978545096
0.753149440559
0.79731515332
0.701775049872
0.724219719692
0.754984455663
0.751286842896
0.788080685755
0.757175269107
0.770703549789
0.671269030299
0.737012103402
0.697900084942
0.840400368969
0.770597974472
0.818144240132
0.815006213675
0.738096764619
0.790830185138
0.825903571302
0.807437611761
0.62919764323
0.75850847948
0.735915591878
0.748446637303
0.860488191818
0.773406047944
0.771459571978
0.772255371431
0.858351431445
0.804460064138
0.806706610787
0.836612398179
0.747445092424
0.725033427814
0.80892296156
0.793389496737
0.82234723137
0.794923634304
0.788255582873
0.887804861995
0.814729079247
0.832642258091
0.847898351132
0.859144817097
0.84789011327
0.784097589666
0.877075032409
0.831894196308
0.891731201033
0.830505931791
0.835673281575
0.863282824522
0.787893390935
0.781933731123
0.747285637583
0.833568330784
0.815788554747
0.886189828785
0.840144914509
0.852023549195
0.808198764322
0.824252533705
0.916604061018
0.92551105947
0.280956248127
0.188806863112
0.134276328415
0.196806000292
0.20277259259
0.207501349821
0.230923373749
0.183906467266
0.243816592199
0.16557517198
0.228058709352
0.16917952285
0.173743295671
0.199117053967
0.136138461327
0.165969156681
0.255561832794
0.239381057378
0.29760919504
0.343883026868
0.258215651573
0.209838134948
0.339921617771
0.246849385112
0.323178371385
0.324714207683
0.199694711252
0.261871111653
0.277672098147
0.321172198008
0.296135854975
0.254567868327
0.19268413745
0.283749317467
0.269023440431
0.259219705289
0.289534263999
0.307516308621
0.346060281828
0.261068725041
0.278337993792
0.278135116564
0.268035602023
0.344042914135
0.376474101493
0.325911296645
0.292547979859
0.34868469604
0.240430444768
0.271217282043
0.296204715544
0.284910969236
0.26382149049
0.253742287721
0.344154061572
0.333263507731
0.385058790279
0.362716916035
0.427830255963
0.401695702708
0.436353381643
0.327788510829
0.364214758665
0.369483787899
0.402632068968
0.350038340404
0.393076941591
0.372191848138
0.267266226168
0.35217279312
0.406302631114
0.406109807768
0.298807599474
0.31263756083
0.412569647154
0.362936076511
0.325510805089
0.354686540885
0.328714672079
0.36010932852
0.418638276384
0.416389630112
0.391351108648
0.383801010768
0.355918870861
0.404408368121
0.296528953929
0.377992230862
0.375391819122
0.385912326791
0.355506789419
0.377686199161
0.393561385206
0.323565876673
0.263776819492
0.290324231738
0.434025616624
0.388486595146
0.342130935402
0.359782107193
0.43156558248
0.404401573158
0.374797166544
0.314646279561
0.45015900358
0.380191590757
0.369302660439
0.353389169218
0.380663212453
0.358054864067
0.384428715032
0.344842198071
0.456080572781
0.364418850921
0.377449452967
0.362947862817
0.381833651974
0.267993219477
0.367089041652
0.35670221891
0.430416002713
0.423140935426
0.357579853421
0.367104311594
0.4768715699
0.506424795638
0.406330734289
0.401287263816
0.467647743247
0.451756791419
0.461317915902
0.491761883076
0.436162760061
0.440481158672
0.486895491645
0.466174351143
0.492003348727
0.491264326186
0.468014978855
0.381696762611
0.559797399059
0.43236346668
0.512288166906
0.550769209862
0.493051198522
0.473667969835
0.427690458269
0.49085291348
0.534714787578
0.450250089331
0.583274019808
0.422930489342
0.524898191358
0.497755851882
0.513102574077
0.454243812085
0.521276724151
0.433915667682
0.461497810388
0.410781460037
0.485332643094
0.417858408763
0.534424962552
0.459986822752
0.530183491689
0.481235505187
0.504363434405
0.487297654638
0.542295697597
0.490108186305
0.449091361827
0.475909300142
0.459744027601
0.459905872364
0.55666544805
0.424358026633
0.44488430241
0.480889907233
0.449815615833
0.477672098147
0.527375060932
0.483259981807
0.425244699554
0.472793287675
0.465139645715
0.424137642963
0.484450303133
0.447495140195
0.512172929141
0.490026672183
0.513143029534
0.464960509695
0.484622592484
0.422828825905
0.51202242241
0.516741335049
0.478835517591
0.524905001616
0.456775184361
0.50280633058
0.471400255525
0.441889983907
0.45731977068
0.485971701035
0.43688472178
0.486627816518
0.4564650636
0.454860894012
0.497251683026
0.44578726166
0.512448844376
0.41990151141
0.427324316143
0.464547462032
0.462538448776
0.503343361943
0.479848505371
0.566899555171
0.493574333185
0.526015867029
0.430939340121
0.381362166684
0.469965909507
0.486438938573
0.520251328713
0.40361488546
0.444236845154
0.474574334608
0.521124268075
0.495728675763
0.559213712199
0.601062629391
0.518001030841
0.513336183386
0.619639848426
0.600338030205
0.578963453708
0.563956088521
0.549090333243
0.514140482821
0.535433145589
0.554479227922
0.549744145256
0.528273119137
0.540750811296
0.554751031932
0.539860269138
0.516392504533
0.572797951674
0.609482910548
0.567500041315
0.561924693965
0.54841372721
0.501117731447
0.592218921472
0.562526436857
0.589627082895
0.632475072473
0.479902596457
0.598475372754
0.565209467982
0.587073221041
0.578731911246
0.603176726324
0.558363153939
0.554445492358
0.544774828189
0.556605585973
0.52136782478
0.547010840291
0.532850374067
0.589526479344
0.558067158633
0.554501895897
0.577033415929
0.657658061442
0.607583651912
0.478894326753
0.57694747633
0.593370233943
0.535646611592
0.584395494325
0.627105618695
0.570369449638
0.594506938695
0.50329092988
0.488929468567
0.510849301808
0.598972636451
0.557784416107
0.529006838528
0.560534324143
0.491144095614
0.572367793712
0.589471348377
0.532563239608
0.527353814058
0.541120171986
0.53482945887
0.584064064759
0.529729702144
0.566593185979
0.489424442198
0.566813536661
0.606706610787
0.583488668492
0.557693385283
0.545598694288
0.615698906813
0.618311113034
0.517683234816
0.553597379143
0.577549154385
0.53288362352
0.562847431648
0.557215428748
0.549387667135
0.64531981334
0.552844908242
0.55849732187
0.603141524015
0.517532999632
0.528032659733
0.556261245007
0.559102944941
0.519887122216
0.544868256815
0.686100147497
0.612424009085
0.619153812938
0.692316259605
0.681185510764
0.679618020345
0.646965731561
0.661982116878
0.651926423157
0.574851177031
0.629779952282
0.683664657643
0.672930785146
0.612526957012
0.615189601611
0.720528296465
0.686135100985
0.641336228937
0.661016418553
0.636075684763
0.674791962359
0.659632042081
0.658951491401
0.643688372239
0.648430360575
0.654497800297
0.593483536427
0.675790771064
0.626754375837
0.617426365895
0.634517519546
0.701489221425
0.582874045829
0.630137657788
0.643074616332
0.634626825178
0.588398213357
0.669390572442
0.697964283695
0.688331254475
0.697997676518
0.655021009413
0.702599140447
0.657254360871
0.678619299698
0.657287822084
0.630551933145
0.664933744611
0.634626825178
0.697143014615
0.637853057522
0.657319505014
0.696783331059
0.644124583342
0.653798725839
0.695771755791
0.677043461264
0.661201900139
0.643519478211
0.715223304773
0.640083920523
0.631616025157
0.658362841904
0.657810409489
0.682960286777
0.587213376922
0.659459452694
0.631390231868
0.73040219936
0.672133884775
0.640678178038
0.702623626166
0.656160901657
0.680935520992
0.554810844101
0.67404013029
0.66893308768
0.697762945402
0.679661535835
0.598685895639
0.628577848267
0.645996511278
0.608745105943
0.653949580862
0.676833778719
0.622003257697
0.685037026218
0.656333691237
0.674108274041
0.690943153125
0.637424543964
0.661289700493
0.666913486936
0.698083375574
0.718458784231
0.656366075046
0.608474431871
0.706044208809
0.65992245391
0.633669989411
0.720161381409
0.700068142411
0.741648355415
0.673715687174
0.704279510412
0.67249540507
0.626666005183
0.633752591587
0.666768447746
0.657712740438
0.642851932876
0.638466527009
0.576682924378
0.695388979595
0.647416003511
0.689610764851
0.714318899611
0.636125408249
0.641678651867
0.741656605606
0.78838484705
0.748100836562
0.76604063725
0.765528919551
0.793389496737
0.718577901836
0.79656215788
0.766138715617
0.744923004898
0.805810516872
0.750474598909
0.772647174442
0.781907303114
0.744018358895
0.77880166264
0.797251684723
0.691513608883
0.825793599161
0.822267500544
0.723736667445
0.676666772241
0.785907510567
0.760419491414
0.763230712774
0.772170199508
0.780650675244
0.737960529314
0.769689000846
0.712462828655
0.751283790016
0.777668729267
0.76517786833
0.76118382966
0.711441554837
0.750067895089
0.746119163841
0.778131212194
0.81282674827
0.733065932757
0.705304060362
0.841212095483
0.726583582633
0.742243822009
0.700193233751
0.736302042007
0.742233569175
0.790297670906
0.73562843326
0.74352004586
0.797670355222
0.699582348376
0.752938927672
0.683435377329
0.810125001231
0.734940063209
0.74571401268
0.793095920561
0.793543980475
0.776004723628
0.76893308768
0.861711129254
0.850946731871
0.834106297969
0.917722864852
0.816564934402
0.878220287853
0.88628599222
0.848457089164
0.879904324554
0.876774699847
0.841389939241
0.817799456676
0.871815497585
0.809643479738
0.889552725915
0.862031596195
0.824760115017
0.840370026407
0.78075801297
0.832983238984
